15.625
16.633
15.814
15.626
15.636
15.627
15.624
16.468
15.629
15.634
15.618
15.626
15.632
16.117
16.129
15.62
15.628
15.626
15.626
16.138
15.628
15.627
15.623
15.628
15.627
15.625
15.737
15.624
15.627
15.626
15.629
15.622
15.627
15.628
15.625
15.627
15.624
16.14
15.749
15.628
15.626
15.624
15.625
15.631
16.028
15.627
15.624
15.628
15.626
16.137
15.781
15.628
15.622
15.627
15.628
16.136
15.626
15.625
15.626
15.626
15.626
16.135
15.881
15.625
15.626
15.625
15.626
16.133
15.773
15.626
15.626
15.626
15.627
16.133
15.714
15.624
15.627
15.626
15.626
16.634
15.996
15.626
15.626
15.625
15.627
16.137
15.997
15.623
15.624
15.629
15.624
15.627
15.84
15.627
15.625
15.627
15.625
16.133
15.87
15.625
15.625
15.626
15.627
15.625
15.909
15.626
15.629
15.621
15.627
16.131
15.761
15.627
15.627
15.624
15.626
16.134
15.917
15.628
15.624
15.628
15.622
15.626
15.921
15.626
15.624
15.625
15.629
15.624
15.636
15.627
15.628
15.623
15.627
16.139
15.755
15.62
15.626
15.627
15.63
16.628
15.894
15.632
15.624
15.622
15.624
15.626
15.749
15.623
15.627
15.627
15.628
16.132
15.866
15.627
15.626
15.626
15.626
16.134
15.644
15.628
15.625
15.626
15.624
15.627
15.632
15.625
15.625
15.627
15.626
16.135
15.903
15.626
15.626
15.625
15.626
15.629
16.089
15.626
15.626
15.626
15.625
16.129
15.632
15.627
15.626
15.626
15.628
16.134
15.629
15.623
15.628
15.623
15.626
16.136
15.823
15.625
15.626
15.624
15.627
15.625
15.633
15.625
15.627
15.625
15.625
16.136
15.633
15.624
15.626
15.628
15.626
16.14
15.683
15.628
15.63
15.622
15.625
15.624
15.781
15.625
15.626
15.625
15.629
16.141
15.631
15.626
15.628
15.625
15.626
